#x				y				y'
4.478709914110368226e-05 4.963879657327108966e-13 4.478709914110368226e-05
5.366559897083789625e-05 6.170332675081442305e-13 1.272292134527941400e-08
6.274139879678842656e-05 7.246483326318452930e-13 1.076772345750673641e-08
7.161989862652262022e-05 8.105751883352214040e-13 8.503348488975815261e-09
8.049839845625684099e-05 8.756422895961300979e-13 6.116380446318616621e-09
8.957419828220736452e-05 9.201513424065072646e-13 3.763151870981750512e-09
9.845269811194157174e-05 9.434321637842653377e-13 1.581517834361496087e-09
1.075284979378920953e-04 9.483410686530617297e-13 -3.669950567737205645e-10
1.164069977676263160e-04 9.370221479555900056e-13 -2.039594846982681575e-09
1.252854975973605233e-04 9.121239846210597091e-13 -3.414446472254044549e-09
1.343612974233110468e-04 8.755977755973197754e-13 -4.489185419843162164e-09
1.432397972530452404e-04 8.316154717728639505e-13 -5.290412230935379912e-09
1.521182970827794612e-04 7.816559271081657103e-13 -5.831532946593543402e-09
1.611940969087299847e-04 7.268740325723574797e-13 -6.150458984988674868e-09
1.700725967384641784e-04 6.712513180590226182e-13 -6.292286280276217905e-09
1.791483965644147290e-04 6.138950305920219472e-13 -6.265407353232862710e-09
1.880268963941489227e-04 5.587496050659302240e-13 -6.115581134584123242e-09
1.969053962238831435e-04 5.053006574944955064e-13 -5.879947044286512174e-09
2.059811960498336670e-04 4.532069138868394124e-13 -5.576201340280474209e-09
2.148596958795678878e-04 4.051515791712460970e-13 -5.224259440896151240e-09
2.237381957093020814e-04 3.604397403662889425e-13 -4.822507677509371719e-09
2.328139955352526321e-04 3.186089464843282012e-13 -4.430743928168198479e-09
2.416924953649868257e-04 2.808536564934387899e-13 -4.049540388397067838e-09
2.507682951909373493e-04 2.459423164265372401e-13 -3.652345161329492300e-09
2.596467950206715700e-04 2.152400222471377354e-13 -3.283267133112753655e-09
2.685252948504057366e-04 1.876413429847858776e-13 -2.931643125740572925e-09
2.776010946763563143e-04 1.626393136530316215e-13 -2.597118934355618997e-09
2.864795945060904809e-04 1.409807802319135517e-13 -2.303927381467871533e-09
2.953580943358247559e-04 1.217284757464826213e-13 -2.031904715334225219e-09
3.044338941617752252e-04 1.045262882062568438e-13 -1.771471646521287584e-09
3.133123939915094460e-04 8.989849359722356982e-14 -1.544493424014078635e-09
3.223881938174599695e-04 7.681632394687936909e-14 -1.344920917240956963e-09
3.312666936471941903e-04 6.573233824312836659e-14 -1.172366599859954711e-09
3.401451934769283568e-04 5.599861050328813842e-14 -1.009885070672876764e-09
3.492209933028789346e-04 4.761761372729258087e-14 -8.605886825625202718e-10
3.580994931326131011e-04 4.053494191659582417e-14 -7.503693650511770743e-10
3.671752929585636246e-04 3.415460208712738637e-14 -6.432714881002592775e-10
3.760537927882978454e-04 2.897366722560165180e-14 -5.417564839052300317e-10
3.849322926180321204e-04 2.453463234424667140e-14 -4.621157990179088878e-10
3.940080924439825897e-04 2.068417144716048723e-14 -3.899744471473419991e-10
4.028865922737168647e-04 1.752615053156699579e-14 -3.569464960759173820e-10
4.117650921034510312e-04 1.434587261656838413e-14 -3.532165077028209635e-10
