0.000000000000000000e+00 -1.000000000000000000e+00
4.081632653061224580e-01 -4.007820982868446347e-01
8.163265306122449161e-01 5.658687833138924539e-01
1.224489795918367374e+00 1.186725661356996753e+00
1.632653061224489832e+00 -3.355390977691262933e+00
2.040816326530612290e+00 -4.451538777526041457e+01
2.448979591836734748e+00 -3.680737185597330381e+02
2.857142857142857206e+00 -3.451716920807920815e+03
3.265306122448979664e+00 -4.261535070458790869e+04
3.673469387755102122e+00 -7.251684338560341857e+05
4.081632653061224580e+00 -1.718779465805494413e+07
4.489795918367347483e+00 -5.683606084357999563e+08
4.897959183673469497e+00 -2.622565950826299667e+10
5.306122448979591510e+00 -1.688624558726664795e+12
5.714285714285714413e+00 -1.517205145939839375e+14
6.122448979591837315e+00 -1.902216946269494800e+16
6.530612244897959329e+00 -3.327977024763323904e+18
6.938775510204081343e+00 -8.124658699572038861e+20
7.346938775510204245e+00 -2.767798481647988795e+23
7.755102040816327147e+00 -1.315734737884062517e+26
8.163265306122449161e+00 -8.727839456710376620e+28
8.571428571428571175e+00 -8.078852719468182623e+31
8.979591836734694965e+00 -1.043511324150218199e+35
9.387755102040816979e+00 -1.880828407584395201e+38
9.795918367346938993e+00 -4.730485533239558889e+41
1.020408163265306101e+01 -1.660224411887613198e+45
1.061224489795918302e+01 -8.130783663969623369e+48
1.102040816326530681e+01 -5.556515756204206984e+52
1.142857142857142883e+01 -5.298796346291394184e+56
1.183673469387755084e+01 -7.051092952992532960e+60
1.224489795918367463e+01 -1.309303067635860035e+65
1.265306122448979664e+01 -3.392567244668255324e+69
1.306122448979591866e+01 -1.226651735491872687e+74
1.346938775510204067e+01 -6.188973517325603978e+78
1.387755102040816269e+01 -4.357330527544103153e+83
1.428571428571428648e+01 -4.280819527214490535e+88
1.469387755102040849e+01 -5.868645372627799295e+93
1.510204081632653050e+01 -1.122673182496967638e+99
1.551020408163265429e+01 -2.996907676376466002e+104
1.591836734693877631e+01 -1.116343667946039320e+110
1.632653061224489832e+01 -5.802658289067501826e+115
1.673469387755102034e+01 -4.208822523998956256e+121
1.714285714285714235e+01 -4.259893713827738937e+127
1.755102040816326436e+01 -6.016465734079904994e+133
1.795918367346938993e+01 -1.185737801621141251e+140
1.836734693877551194e+01 -3.260922048058173747e+146
1.877551020408163396e+01 -1.251401590408361260e+153
1.918367346938775597e+01 -6.701276254736817691e+159
1.959183673469387799e+01 -5.007522099803914152e+166
2.000000000000000000e+01 -5.221469689764144255e+173
