#no events			e_min			e_max			exposure
1.000000000000000000e+02 1.000000000000000021e-03 2.000000000000000000e+02 2.293177275330419312e+11
8.900000000000000000e+01 2.000000000000000042e-03 2.889965515136718750e+02 2.661372709878220215e+11
8.600000000000000000e+01 3.000000000000000062e-03 4.175950317382812500e+02 3.009233371362364502e+11
8.600000000000000000e+01 4.000000000000000083e-03 6.034176025390625000e+02 3.318999165844445190e+11
8.400000000000000000e+01 5.000000000000000104e-03 8.719280395507812500e+02 3.638796977039337158e+11
9.200000000000000000e+01 6.000000000000000125e-03 1.259921020507812500e+03 3.860617317108542480e+11
6.500000000000000000e+01 7.000000000000000146e-03 1.820564208984375000e+03 3.972028473108914795e+11
6.500000000000000000e+01 8.000000000000000167e-03 2.630684082031250000e+03 3.969952970386230469e+11
3.900000000000000000e+01 8.999999999999999320e-03 3.801292968750000000e+03 3.906019088524542236e+11
1.000000000000000000e+01 1.000000000000000021e-02 5.492802734375000000e+03 3.924506690114327393e+11
1.000000000000000000e+01 1.099999999999999936e-02 7.937005371093750000e+03 3.944070263513349609e+11
3.000000000000000000e+00 1.200000000000000025e-02 1.146883593750000000e+04 3.943843618588702393e+11
2.000000000000000000e+00 1.299999999999999940e-02 1.657226953125000000e+04 3.927027311191600342e+11
0.000000000000000000e+00 1.400000000000000029e-02 2.394664453125000000e+04 3.980872518409121704e+11
0.000000000000000000e+00 1.499999999999999944e-02 3.460248828125000000e+04 4.033306335614806519e+11
