#theta (degrees)
0.000000000000000000e+00
1.111111123464070261e-04
4.444444493856281042e-04
9.999999747378751636e-04
1.777777797542512417e-03
2.777777845039963722e-03
3.999999898951500654e-03
5.444444250315427780e-03
7.111111190170049667e-03
8.999999845400452614e-03
1.111111138015985489e-02
1.344444463029503822e-02
1.599999959580600262e-02
1.877777744084596634e-02
2.177777700126171112e-02
2.499999944120645523e-02
2.844444476068019867e-02
3.211111063137650490e-02
3.599999938160181046e-02
4.011111333966255188e-02
4.444444552063941956e-02
4.900000058114528656e-02
5.377777852118015289e-02
5.877777934074401855e-02
6.399999838322401047e-02
6.944444496184587479e-02
7.511110976338386536e-02
8.100000210106372833e-02
8.711110800504684448e-02
9.344444610178470612e-02
9.999999776482582092e-02
1.067777816206216812e-01
1.137777790427207947e-01
1.209999993443489075e-01
1.284444425255060196e-01
1.361111085861921310e-01
1.439999975264072418e-01
1.521111093461513519e-01
1.604444533586502075e-01
1.689999923110008240e-01
1.777777820825576782e-01
1.867777854204177856e-01
1.960000023245811462e-01
2.054444514214992523e-01
2.151111140847206116e-01
2.250000089406967163e-01
2.351111173629760742e-01
2.454444393515586853e-01
2.559999935328960419e-01
2.667777799069881439e-01
2.777777798473834991e-01
2.889999933540821075e-01
3.004444390535354614e-01
3.121111169457435608e-01
3.240000084042549133e-01
3.361111134290695190e-01
3.484444320201873779e-01
3.610000014305114746e-01
3.737777844071388245e-01
3.867777809500694275e-01
3.999999910593032837e-01
4.134444519877433777e-01
4.271111264824867249e-01
4.410000145435333252e-01
4.551111161708831787e-01
4.694444313645362854e-01
4.839999973773956299e-01
4.987777769565582275e-01
5.137777701020240784e-01
5.290000140666961670e-01
5.444444343447685242e-01
5.601111054420471191e-01
5.759999901056289673e-01
5.921111255884170532e-01
6.084444373846054077e-01
6.250000000000000000e-01
6.417778134346008301e-01
6.587778031826019287e-01
6.759999692440032959e-01
6.934444606304168701e-01
7.111111283302307129e-01
7.289999723434448242e-01
7.471111416816711426e-01
7.654444128274917603e-01
7.840000092983245850e-01
8.027777820825576782e-01
8.217778056859970093e-01
8.410000056028366089e-01
8.604444563388824463e-01
8.801110833883285522e-01
9.000000357627868652e-01
9.201110899448394775e-01
9.404444694519042969e-01
9.610000252723693848e-01
9.817777574062347412e-01
1.002777814865112305e+00
1.023999974131584167e+00
1.045444458723068237e+00
1.067111119627952576e+00
1.089000031352043152e+00
1.111111119389533997e+00
1.133444458246231079e+00
1.155999973416328430e+00
1.178777813911437988e+00
1.201777756214141846e+00
1.225000023841857910e+00
1.248444467782974243e+00
1.272111088037490845e+00
1.296000033617019653e+00
1.320111155509948730e+00
1.344444453716278076e+00
1.368999928236007690e+00
1.393777728080749512e+00
1.418777704238891602e+00
1.444000005722045898e+00
1.469444483518600464e+00
1.495111137628555298e+00
1.520999968051910400e+00
1.547111123800277710e+00
1.573444455862045288e+00
1.599999964237213135e+00
1.626777797937393188e+00
1.653777807950973511e+00
1.680999994277954102e+00
1.708444505929946899e+00
1.736111044883728027e+00
1.764000058174133301e+00
1.792111098766326904e+00
1.820444464683532715e+00
1.849000006914138794e+00
1.877777725458145142e+00
1.906777769327163696e+00
1.935999989509582520e+00
1.965444386005401611e+00
1.995111107826232910e+00
2.025000005960464478e+00
2.055111080408096313e+00
2.085444480180740356e+00
2.116000056266784668e+00
2.146777808666229248e+00
2.177777737379074097e+00
2.208999991416931152e+00
2.240444421768188477e+00
2.272111177444458008e+00
2.303999960422515869e+00
2.336111068725585938e+00
2.368444502353668213e+00
2.400999963283538818e+00
2.433777749538421631e+00
2.466777712106704712e+00
2.500000000000000000e+00
2.533444464206695557e+00
2.567111253738403320e+00
2.601000070571899414e+00
2.635111212730407715e+00
2.669444382190704346e+00
2.703999876976013184e+00
2.738777697086334229e+00
2.773777842521667480e+00
2.809000015258789062e+00
2.844444513320922852e+00
2.880111038684844971e+00
2.915999889373779297e+00
2.952111065387725830e+00
2.988444566726684570e+00
3.025000095367431641e+00
3.061777651309967041e+00
3.098777830600738525e+00
3.136000037193298340e+00
3.173444569110870361e+00
3.211111128330230713e+00
3.249000012874603271e+00
3.287111222743988037e+00
3.325444459915161133e+00
3.364000022411346436e+00
3.402777910232543945e+00
3.441777825355529785e+00
3.481000065803527832e+00
3.520444333553314209e+00
3.560111224651336670e+00
3.600000143051147461e+00
3.640111088752746582e+00
3.680444359779357910e+00
3.720999956130981445e+00
3.761777877807617188e+00
3.802777826786041260e+00
3.844000101089477539e+00
3.885444402694702148e+00
3.927111029624938965e+00
3.968999981880187988e+00
4.011111259460449219e+00
4.053444564342498779e+00
4.095999896526336670e+00
4.138777852058410645e+00
4.181777834892272949e+00
4.225000143051147461e+00
4.268444478511810303e+00
4.312111139297485352e+00
4.356000125408172607e+00
4.400111138820648193e+00
4.444444477558135986e+00
4.489000141620635986e+00
4.533777832984924316e+00
4.578777849674224854e+00
4.623999893665313721e+00
4.669444561004638672e+00
4.715111255645751953e+00
4.760999977588653564e+00
4.807111024856567383e+00
4.853444397449493408e+00
4.900000095367431641e+00
4.946777820587158203e+00
4.993777871131896973e+00
5.041000247001647949e+00
5.088444352149963379e+00
5.136111378669738770e+00
5.184000134468078613e+00
5.232111215591430664e+00
5.280444622039794922e+00
5.328999757766723633e+00
5.377777814865112305e+00
5.426777601242065430e+00
5.475999712944030762e+00
5.525444149971008301e+00
5.575110912322998047e+00
5.625000000000000000e+00
5.675110816955566406e+00
5.725444555282592773e+00
5.776000022888183594e+00
5.826777815818786621e+00
5.877777934074401855e+00
5.928999781608581543e+00
5.980444550514221191e+00
6.032111048698425293e+00
6.083999872207641602e+00
6.136111021041870117e+00
6.188444495201110840e+00
6.241000294685363770e+00
6.293777823448181152e+00
6.346777677536010742e+00
6.399999856948852539e+00
6.453444361686706543e+00
6.507111191749572754e+00
6.560999751091003418e+00
6.615111231803894043e+00
6.669444441795349121e+00
6.723999977111816406e+00
6.778777837753295898e+00
6.833778023719787598e+00
6.888999938964843750e+00
6.944444179534912109e+00
7.000111341476440430e+00
7.056000232696533203e+00
7.112110853195190430e+00
7.168444395065307617e+00
7.225000262260437012e+00
7.281777858734130859e+00
7.338777780532836914e+00
7.396000027656555176e+00
7.453444600105285645e+00
7.511110901832580566e+00
7.569000124931335449e+00
7.627111077308654785e+00
7.685444355010986328e+00
7.743999958038330078e+00
7.802777886390686035e+00
7.861777544021606445e+00
7.921000123023986816e+00
7.980444431304931641e+00
8.040111064910888672e+00
8.100000023841857910e+00
8.160111308097839355e+00
8.220444321632385254e+00
8.281000256538391113e+00
8.341777920722961426e+00
8.402777910232543945e+00
8.464000225067138672e+00
8.525444269180297852e+00
8.587111234664916992e+00
8.648999929428100586e+00
8.711110949516296387e+00
8.773444294929504395e+00
8.835999965667724609e+00
8.898777961730957031e+00
8.961777687072753906e+00
9.024999737739562988e+00
9.088444709777832031e+00
9.152110815048217773e+00
9.215999841690063477e+00
9.280111193656921387e+00
9.344444274902343750e+00
9.409000277519226074e+00
9.473778009414672852e+00
9.538778066635131836e+00
9.603999853134155273e+00
9.669444561004638672e+00
9.735110998153686523e+00
9.800999760627746582e+00
9.867110848426818848e+00
9.933444261550903320e+00
